5 100
34
100 10
200 0 1 1 1 3
200 0 2 3 1 3
200 0 3 6 6 4
300 1 3 3 2 1
200 3 4 1 1 4
300 4 3 2 4 3
200 6 5 1 6 4
200 7 6 1 0 3
200 8 7 6 4 3
300 9 5 2 5 3 7 6
200 10 8 1 2 4
200 10 9 4 2 3
200 10 10 1 6 4
200 10 11 3 3 3
300 10 5 2 10 8 5 3
200 11 12 2 7 3
300 11 5 10 8 5 3 12
300 12 5 10 5 3 12 7
200 14 13 3 2 3
200 14 14 2 1 3
200 14 15 1 0 3
300 15 4 5 15 14 13
200 18 16 6 2 3
200 21 17 4 2 4
200 22 18 0 6 4
200 22 19 3 1 4
300 23 5 13 19 18 17 16
200 24 20 1 1 4
200 26 21 7 7 3
200 26 22 5 1 5
300 27 5 13 22 17 20 21
200 32 23 6 6 4
300 33 4 13 22 23 20
66
100 30
200 1 668 21 4 6
200 2 134 17 6 4
200 2 442 21 19 5
200 4 855 2 25 5
200 6 847 13 4 10
300 8 5 847 668 855 442 134
200 9 499 13 11 15
300 12 5 499 847 668 855 442
200 12 355 8 14 12
200 13 451 14 17 13
200 14 184 11 8 11
200 17 579 6 22 6
200 20 956 7 4 3
200 25 908 11 6 15
200 27 533 4 7 14
200 28 883 1 18 12
200 29 169 3 7 15
200 32 659 17 17 12
200 36 319 13 9 4
300 39 5 908 451 659 579 855
200 39 961 16 11 10
300 40 5 908 451 659 961 579
200 45 229 6 9 13
300 47 5 451 961 229 659 579
200 48 757 8 13 5
200 50 607 13 6 7
200 53 615 20 24 3
200 59 975 4 1 5
200 60 224 9 19 7
200 60 356 3 11 5
200 63 45 17 9 8
200 63 331 17 23 5
200 66 683 16 24 6
200 69 636 26 17 3
300 70 5 961 757 45 224 956
300 74 5 757 956 45 224 442
200 76 54 5 23 3
200 82 461 0 16 7
300 86 5 45 956 461 224 442
300 93 5 45 956 461 224 442
200 93 494 5 4 11
200 94 220 13 0 14
300 95 5 45 220 494 956 461
300 98 5 45 494 220 461 224
200 105 669 19 1 6
200 108 242 0 3 11
200 109 955 11 4 10
200 110 684 18 2 7
200 112 625 16 0 14
300 114 5 625 242 684 224 669
200 117 825 16 13 12
200 120 540 10 12 7
200 121 701 12 18 8
200 124 425 0 22 7
300 125 5 242 625 669 825 701
300 128 5 242 625 825 669 701
300 130 5 242 825 625 701 425
300 133 5 242 625 701 425 224
300 136 5 242 625 425 701 224
300 138 5 625 701 224 442 636
300 141 5 625 701 224 442 636
300 142 5 625 701 224 442 636
300 144 4 625 701 442 636
300 146 4 625 701 442 636
300 147 4 625 701 442 636
84
100 30
200 0 989 8 4 15
200 1 640 3 3 7
200 1 48 13 4 14
200 2 490 11 3 8
200 5 91 3 8 14
200 8 943 22 0 5
200 9 250 4 13 8
300 10 5 490 91 48 250 640
200 13 577 20 13 5
300 16 4 490 48 250 577
200 16 504 17 6 9
300 19 5 490 48 504 250 577
300 20 5 490 48 504 250 577
200 23 349 12 9 9
200 24 411 19 24 5
200 27 452 17 24 4
200 30 762 24 17 5
200 31 28 13 1 6
200 34 44 11 6 15
200 37 410 5 14 12
200 41 716 14 16 3
200 44 412 4 14 11
300 50 3 349 410 716
200 50 425 6 8 3
200 53 539 4 4 5
300 56 4 349 539 716 425
300 57 4 349 539 716 425
200 62 67 2 12 14
200 63 197 1 0 12
200 64 737 10 4 10
200 65 904 7 18 5
300 67 5 349 67 197 737 425
200 68 110 14 14 15
200 69 271 23 24 3
200 70 574 19 17 7
300 73 5 110 425 197 737 904
200 76 19 12 8 14
200 76 113 2 19 8
200 77 765 15 18 12
200 77 478 0 19 11
300 85 4 765 737 904 271
200 88 310 2 9 3
200 89 484 21 1 3
200 89 485 9 6 12
200 91 11 15 0 7
200 100 212 3 10 3
300 101 5 485 904 765 484 271
200 103 365 12 9 15
200 104 774 2 17 7
200 105 142 13 12 4
200 107 323 8 2 11
200 110 108 6 3 4
200 111 695 20 11 4
200 112 607 10 3 11
200 114 376 13 16 12
200 116 801 12 15 14
200 117 932 11 20 4
300 120 5 765 365 323 376 607
300 126 5 765 376 365 323 607
200 127 128 12 13 13
200 131 8 6 9 8
200 133 186 21 9 8
200 135 843 1 10 5
300 136 5 765 365 8 774 843
300 139 5 765 8 774 843 271
300 141 5 765 8 774 843 271
300 144 5 765 8 774 843 271
200 147 92 18 12 5
300 150 5 765 8 774 843 92
300 151 5 765 8 774 843 92
300 158 5 765 8 774 843 92
200 161 597 12 1 12
200 165 750 14 5 13
300 169 5 597 750 774 843 92
200 171 385 10 20 5
200 171 502 13 17 6
300 173 5 597 750 774 502 843
200 174 397 1 15 12
300 177 5 597 750 397 774 502
300 180 5 750 397 774 502 843
300 182 5 750 397 774 502 843
300 183 5 750 397 774 502 843
300 184 5 750 397 774 502 843
107
100 50
200 1 303 2 37 12
200 4 102 24 14 12
200 4 498 30 33 11
200 5 107 42 21 3
200 5 44 10 17 11
200 8 365 13 18 10
300 11 5 303 102 498 44 365
300 12 5 303 102 498 44 365
300 15 5 303 102 498 44 365
200 18 690 2 5 11
200 20 257 1 8 18
200 25 546 10 13 15
300 31 5 690 365 546 303 102
200 33 146 10 25 23
200 37 10 16 23 21
300 40 5 690 10 102 546 303
200 44 708 8 26 8
200 46 727 33 32 9
200 46 47 14 29 16
300 49 5 10 690 303 727 708
200 55 62 17 32 16
200 57 680 28 28 13
200 59 322 11 21 15
200 62 899 1 27 23
200 67 46 6 33 6
200 70 896 14 2 6
200 74 830 8 5 22
200 77 220 11 36 7
200 78 260 31 12 19
200 81 633 22 6 6
300 85 5 899 830 260 62 322
200 85 292 7 15 4
200 88 148 4 34 13
200 94 166 1 9 20
200 95 509 37 3 3
200 100 694 30 19 18
200 101 783 20 11 24
200 101 462 3 14 24
200 103 549 29 37 4
200 106 723 14 17 12
200 108 604 1 23 10
300 113 5 62 830 462 783 148
200 113 268 10 35 3
300 116 5 62 462 783 148 694
200 120 738 7 30 8
200 122 992 17 15 18
200 122 522 2 14 8
200 124 851 29 14 18
200 125 829 18 36 12
200 134 385 32 32 13
200 137 247 38 39 3
200 137 281 5 23 25
200 138 697 3 13 5
300 142 5 260 851 522 385 829
300 144 5 260 851 522 385 829
200 145 671 22 7 15
200 147 231 27 21 9
300 148 5 260 522 851 671 385
200 150 752 14 32 4
200 150 74 39 16 9
200 151 597 34 10 15
300 154 5 851 671 597 385 829
200 160 105 21 3 21
200 160 885 37 37 12
300 161 5 851 597 105 671 385
200 163 407 6 18 16
200 166 424 11 16 21
200 168 246 10 10 21
300 171 5 851 424 246 105 385
200 174 426 37 21 3
300 177 5 424 246 385 829 247
300 180 5 424 246 385 829 247
300 182 5 424 246 385 829 509
200 185 514 16 19 22
300 187 5 424 514 246 385 509
200 189 615 30 30 18
200 189 291 4 25 4
300 192 5 424 514 385 246 829
200 195 213 36 6 10
200 196 381 32 0 7
200 198 665 25 24 20
200 202 116 35 5 10
200 204 767 35 13 3
200 206 31 29 35 8
300 210 5 514 665 116 829 213
200 213 429 17 1 14
300 215 5 665 116 429 829 213
200 216 380 2 18 24
200 219 368 8 9 14
200 220 283 17 17 13
200 221 654 0 34 4
200 222 341 32 10 5
300 224 5 368 429 283 829 213
200 229 483 11 18 24
300 232 5 483 368 429 283 697
200 235 192 3 35 3
300 237 5 368 483 429 283 697
300 238 5 368 483 429 283 697
300 239 5 368 483 429 283 697
300 242 5 483 429 283 192 697
300 243 5 483 429 283 192 697
300 244 5 483 429 283 192 697
300 246 5 483 429 283 192 697
300 247 5 483 429 283 192 697
300 250 5 483 429 283 697 291
300 252 5 429 483 283 697 291
128
100 50
200 2 113 29 27 21
200 3 197 13 18 24
200 3 880 36 34 11
200 7 898 31 9 9
200 11 262 44 25 3
200 13 160 25 9 22
200 15 931 3 24 17
200 17 115 18 7 14
200 18 830 9 47 3
200 18 692 14 2 9
200 19 254 42 25 7
200 22 563 25 30 20
200 23 53 28 41 4
200 25 431 34 26 8
200 25 196 22 27 23
200 28 376 4 4 19
300 29 5 160 563 376 931 115
300 32 5 160 563 376 931 880
200 36 805 10 10 9
300 38 5 376 931 880 898 805
300 42 5 376 931 431 880 898
200 43 791 21 28 22
200 46 5 28 26 13
200 46 559 33 21 11
300 48 5 791 376 431 931 5
200 49 326 9 5 25
200 50 642 10 32 15
200 53 175 19 9 12
200 53 153 5 24 23
300 58 5 326 153 376 559 642
200 59 823 9 27 13
200 61 956 25 39 8
200 62 901 27 12 9
300 66 5 376 642 153 823 901
300 68 5 376 642 153 823 901
200 68 548 40 17 10
300 71 5 376 642 823 901 548
200 76 453 9 20 24
200 79 557 24 0 25
200 82 579 29 9 9
200 88 110 35 39 7
200 91 107 15 25 23
200 94 568 2 0 14
200 97 476 8 31 12
200 100 302 9 9 13
300 103 5 557 453 107 568 302
200 105 632 8 18 18
200 105 168 0 2 11
200 108 164 28 0 10
200 109 233 3 17 20
200 112 922 1 39 10
200 113 831 5 18 23
300 115 5 453 557 831 233 632
200 119 664 4 8 9
200 124 357 33 35 15
200 125 469 8 30 4
200 126 932 2 7 7
200 128 446 17 20 12
300 131 5 632 557 168 357 579
200 132 848 12 31 14
200 132 970 15 2 4
200 134 418 20 0 22
200 136 756 2 14 20
300 137 5 557 418 756 579 357
300 140 5 579 418 756 357 848
200 140 488 27 27 11
300 141 5 579 418 756 357 848
200 145 215 21 14 15
200 146 799 33 29 7
200 149 137 2 32 9
200 152 375 0 41 9
300 154 5 579 418 756 357 215
200 156 600 13 22 24
200 159 374 15 28 15
300 162 5 600 418 215 374 357
200 164 891 33 3 10
200 166 467 6 16 18
200 171 552 1 20 14
300 173 5 215 600 110 467 374
300 175 5 600 110 467 374 357
200 178 114 19 29 10
200 180 30 38 1 3
200 180 386 7 28 20
200 184 388 1 32 6
200 185 250 5 21 25
200 185 154 4 38 5
300 188 5 110 467 386 374 848
200 189 651 40 32 8
200 191 211 15 13 3
200 193 655 1 10 21
300 194 5 110 467 655 386 374
200 194 253 36 38 6
300 196 5 110 655 386 374 114
300 199 5 110 655 386 374 114
200 201 621 6 26 15
200 201 729 0 2 23
300 202 5 655 729 386 374 621
200 209 678 4 28 12
300 212 5 655 729 386 374 621
200 216 269 2 18 19
200 217 870 25 29 18
200 217 950 4 13 15
300 220 5 655 621 386 374 950
200 222 86 10 12 7
300 228 5 621 386 655 86 375
200 231 979 28 31 18
300 234 5 621 386 655 979 86
200 235 837 33 31 11
300 237 5 621 86 837 375 211
200 241 504 40 18 6
200 246 176 26 36 14
200 246 990 17 23 7
300 249 5 86 837 176 990 504
300 252 5 86 176 990 504 211
300 255 5 86 176 990 504 211
300 256 5 86 176 990 504 211
300 258 5 86 176 990 504 211
300 259 5 86 176 990 504 211
300 260 5 86 176 990 504 211
300 263 5 86 176 990 504 211
300 266 5 86 176 990 504 211
300 269 5 86 176 990 504 211
300 271 5 86 176 990 504 211
300 274 5 86 176 990 504 211
300 276 5 86 176 990 504 211
300 277 5 86 176 990 504 211
300 279 5 86 176 990 504 211